-0.00992187
-0.00976562
-0.00960937
-0.00945312
-0.00929687
-0.00914062
-0.00898437
-0.00882813
-0.00867188
-0.00851562
-0.00835938
-0.00820313
-0.00804687
-0.00789063
-0.00773437
-0.00757812
-0.00742187
-0.00726562
-0.00710937
-0.00695312
-0.00679687
-0.00664062
-0.00648437
-0.00632812
-0.00617187
-0.00601563
-0.00585938
-0.00570312
-0.00554687
-0.00539062
-0.00523438
-0.00507813
-0.00492188
-0.00476562
-0.00460937
-0.00445313
-0.00429688
-0.00414063
-0.00398438
-0.00382812
-0.00367187
-0.00351563
-0.00335938
-0.00320312
-0.00304687
-0.00289062
-0.00273438
-0.00257813
-0.00242187
-0.00226562
-0.00210938
-0.00195312
-0.00179687
-0.00164063
-0.00148437
-0.00132812
-0.00117188
-0.00101563
-0.000859375
-0.000703125
-0.000546875
-0.000390625
-0.000234375
-7.8125e-05
7.8125e-05
0.000234375
0.000390625
0.000546875
0.000703125
0.000859375
0.00101563
0.00117188
0.00132812
0.00148438
0.00164062
0.00179687
0.00195312
0.00210938
0.00226562
0.00242187
0.00257812
0.00273437
0.00289062
0.00304687
0.00320312
0.00335938
0.00351563
0.00367187
0.00382812
0.00398438
0.00414063
0.00429688
0.00445313
0.00460937
0.00476562
0.00492188
0.00507813
0.00523438
0.00539062
0.00554687
0.00570312
0.00585938
0.00601562
0.00617188
0.00632812
0.00648437
0.00664062
0.00679687
0.00695312
0.00710937
0.00726563
0.00742187
0.00757812
0.00773437
0.00789063
0.00804687
0.00820313
0.00835938
0.00851563
0.00867188
0.00882813
0.00898437
0.00914062
0.00929687
0.00945312
0.00960937
0.00976562
0.00992188
